

MATRIX #0
Step [0/3] complete.

initial sparse
[1] at (0, 0)
[2] at (0, 1)
[-1] at (0, 2)
[2] at (0, 3)
[-1] at (0, 4)
[2] at (0, 5)
[-1] at (0, 6)
[-2] at (0, 7)
[1] at (1, 0)
[2] at (1, 1)
[3] at (1, 2)
[-4] at (1, 3)
[-5] at (1, 4)
[-6] at (1, 5)
[7] at (1, 6)
[-8] at (1, 7)
[3] at (2, 0)
[4] at (2, 1)
[-2] at (2, 2)
[5] at (2, 3)
[-6] at (2, 4)
[7] at (2, 5)
[9] at (2, 6)
[-4] at (2, 7)
[1] at (3, 0)
[-1] at (3, 1)
[1] at (3, 2)
[1] at (3, 3)
[1] at (3, 4)
[-1] at (3, 5)
[-1] at (3, 6)
[-1] at (3, 7)
beginning to reduce... 

reduced_list[1]
[2] at (0, 1)
[-2] at (0, 3)
[4] at (0, 5)
[-3] at (0, 6)
[4] at (0, 7)
[-4] at (0, 9)
[8] at (0, 11)
[-6] at (0, 12)
[1] at (0, 13)
[-7] at (0, 18)
[5] at (0, 20)
[-12] at (0, 21)
[0] at (0, 15)
[-8] at (0, 22)
[4] at (0, 25)
[-14] at (0, 26)
[1] at (1, 1)
[-3] at (1, 3)
[12] at (1, 5)
[2] at (1, 6)
[0] at (1, 7)
[-8] at (1, 9)
[22] at (1, 11)
[0] at (1, 12)
[1] at (1, 13)
[-7] at (1, 18)
[23] at (1, 20)
[2] at (1, 21)
[3] at (1, 15)
[-5] at (1, 22)
[25] at (1, 25)
[6] at (1, 26)
[1] at (2, 1)
[1] at (2, 3)
[0] at (2, 5)
[0.5] at (2, 6)
[0.5] at (2, 7)
[0.5] at (2, 9)
[-1.5] at (2, 11)
[-2] at (2, 12)
[1.5] at (2, 13)
[1.5] at (2, 18)
[-0.5] at (2, 20)
[0] at (2, 21)
[0.5] at (2, 15)
[0.5] at (2, 22)
[-1.5] at (2, 25)
[-2] at (2, 26)

reduced_list[2]
[1] at (0, 28)
[-1.75] at (0, 31)
[3] at (0, 34)
[-1.5] at (0, 37)
[1.75] at (0, 43)
[-4] at (0, 46)
[0.5] at (0, 47)
[-6.5] at (0, 51)
[-3] at (0, 79)
[-11] at (0, 125)
[-4] at (0, 128)
[-18] at (0, 131)
[-14] at (0, 137)
[-38] at (0, 140)
[-19] at (0, 141)
[-48] at (0, 145)
[3] at (0, 81)
[-2] at (0, 147)
[8] at (0, 169)
[-0] at (0, 172)
[7] at (0, 178)
[-2] at (0, 181)
[5] at (0, 182)
[-6] at (0, 186)
[-5] at (0, 85)
[-20.5] at (0, 151)
[-6] at (0, 208)
[-33] at (0, 242)
[-24.5] at (0, 248)
[-70] at (0, 251)
[-34] at (0, 252)
[-89] at (0, 256)
[0.25] at (0, 87)
[-1.25] at (0, 153)
[1] at (0, 210)
[-1.5] at (0, 258)
[-0] at (0, 277)
[-3.5] at (0, 280)
[-0.75] at (0, 281)
[-5] at (0, 285)
[-7.75] at (0, 94)
[-19.75] at (0, 160)
[-13] at (0, 217)
[-34.5] at (0, 265)
[-31.5] at (0, 334)
[-71.5] at (0, 350)
[-39.75] at (0, 351)
[-88] at (0, 355)
[-1.5] at (0, 89)
[-2.25] at (0, 155)
[-3] at (0, 212)
[-4.5] at (0, 260)
[-5.25] at (0, 302)
[-9] at (0, 305)
[-6] at (0, 306)
[-10.5] at (0, 310)
[-9.5] at (0, 99)
[-20.75] at (0, 165)
[-17] at (0, 222)
[-37.5] at (0, 270)
[-36.75] at (0, 339)
[-77] at (0, 360)
[-45] at (0, 365)
[-93.5] at (0, 375)
[2.66667] at (1, 28)
[2.66667] at (1, 31)
[3.33333] at (1, 34)
[1.33333] at (1, 37)
[6.66667] at (1, 43)
[8] at (1, 46)
[6] at (1, 47)
[6.66667] at (1, 51)
[2.66667] at (1, 79)
[1.33333] at (1, 125)
[1.33333] at (1, 128)
[-5.33333] at (1, 131)
[4] at (1, 137)
[0] at (1, 140)
[1.33333] at (1, 141)
[-5.33333] at (1, 145)
[3.33333] at (1, 81)
[2.33333] at (1, 147)
[2.66667] at (1, 169)
[-3.33333] at (1, 172)
[6.33333] at (1, 178)
[4] at (1, 181)
[4] at (1, 182)
[-0.666667] at (1, 186)
[3.33333] at (1, 85)
[-0.333333] at (1, 151)
[-1.33333] at (1, 208)
[-16.6667] at (1, 242)
[1] at (1, 248)
[-12] at (1, 251)
[-5.33333] at (1, 252)
[-24.6667] at (1, 256)
[2.66667] at (1, 87)
[3.33333] at (1, 153)
[4.33333] at (1, 210)
[4.66667] at (1, 258)
[8] at (1, 277)
[12] at (1, 280)
[8.33333] at (1, 281)
[12.6667] at (1, 285)
[2.66667] at (1, 94)
[0.666667] at (1, 160)
[0.333333] at (1, 217)
[-8.66667] at (1, 265)
[2.66667] at (1, 334)
[-4] at (1, 350)
[-1] at (1, 351)
[-11.3333] at (1, 355)
[0.666667] at (1, 89)
[1] at (1, 155)
[1.33333] at (1, 212)
[2] at (1, 260)
[2.33333] at (1, 302)
[4] at (1, 305)
[2.66667] at (1, 306)
[4.66667] at (1, 310)
[0.666667] at (1, 99)
[-1.66667] at (1, 165)
[-2.66667] at (1, 222)
[-11.3333] at (1, 270)
[-3] at (1, 339)
[-12] at (1, 360)
[-6.66667] at (1, 365)
[-19.3333] at (1, 375)
Step [1/3] complete.
Step [2/3] complete.
beginning to simplify... 
Positive count: 12
Negative count: 52

simplified_list[1]
[37.9508] at (0, 28)
[1] at (0, 31)
[37.9508] at (0, 34)
[1] at (0, 37)
[37.9508] at (0, 43)
[1] at (0, 46)
[37.9508] at (0, 47)
[1] at (0, 51)
[1] at (0, 79)
[1] at (0, 125)
[1] at (0, 128)
[1] at (0, 131)
[1] at (0, 137)
[1] at (0, 140)
[1] at (0, 141)
[1] at (0, 145)
[37.9508] at (0, 81)
[1] at (0, 147)
[52.528] at (0, 169)
[549.255] at (0, 172)
[37.9508] at (0, 178)
[1] at (0, 181)
[37.9508] at (0, 182)
[1] at (0, 186)
[1] at (0, 85)
[1] at (0, 151)
[1] at (0, 208)
[4.53385] at (0, 242)
[1] at (0, 248)
[1] at (0, 251)
[1] at (0, 252)
[1] at (0, 256)
[37.9508] at (0, 87)
[1] at (0, 153)
[37.9508] at (0, 210)
[1] at (0, 258)
[37.9508] at (0, 277)
[1] at (0, 280)
[1] at (0, 281)
[1] at (0, 285)
[1] at (0, 94)
[1] at (0, 160)
[1] at (0, 217)
[1] at (0, 265)
[1] at (0, 334)
[1] at (0, 350)
[1] at (0, 351)
[1] at (0, 355)
[1] at (0, 89)
[1] at (0, 155)
[1] at (0, 212)
[1] at (0, 260)
[1] at (0, 302)
[1] at (0, 305)
[1] at (0, 306)
[1] at (0, 310)
[1] at (0, 99)
[1] at (0, 165)
[1] at (0, 222)
[1] at (0, 270)
[1] at (0, 339)
[1] at (0, 360)
[1] at (0, 365)
[1] at (0, 375)
Positive count: 8
Negative count: 8

simplified_list[2]
[29.7131] at (0, 1)
[10.2377] at (0, 3)
[2] at (0, 5)
[1] at (0, 6)
[149.279] at (0, 7)
[12.3202] at (0, 9)
[2.75725] at (0, 11)
[80.3318] at (0, 12)
[19.1557] at (0, 13)
[10.2377] at (0, 18)
[2] at (0, 20)
[1] at (0, 21)
[2] at (0, 15)
[8.91803] at (0, 22)
[2] at (0, 25)
[1] at (0, 26)
Positive count: 4
Negative count: 4

simplified_list[3]
[2.94615] at (0, 0)
[21.787] at (0, 1)
[24.8412] at (0, 2)
[2.23846] at (0, 3)
[4.90611] at (0, 4)
[1] at (0, 5)
[1.03998] at (0, 6)
[11.1049] at (0, 7)
Step [3/3] complete.

Final solution!
[0.265302] at (0, 0)
[1.96193] at (0, 1)
[2.23696] at (0, 2)
[0.201574] at (0, 3)
[0.441796] at (0, 4)
[0.0900502] at (0, 5)
[0.0936507] at (0, 6)
[1] at (0, 7)
Success.


MATRIX #1
Step [0/3] complete.

initial sparse
[1] at (0, 0)
[2] at (0, 1)
[3] at (0, 2)
[-4] at (0, 3)
[-5] at (0, 4)
[-6] at (0, 5)
[7] at (0, 6)
[-8] at (0, 7)
[3] at (1, 0)
[4] at (1, 1)
[-2] at (1, 2)
[5] at (1, 3)
[-6] at (1, 4)
[7] at (1, 5)
[9] at (1, 6)
[-4] at (1, 7)
[1] at (2, 0)
[-1] at (2, 1)
[1] at (2, 2)
[1] at (2, 3)
[1] at (2, 4)
[-1] at (2, 5)
[-1] at (2, 6)
[-1] at (2, 7)
[1] at (3, 0)
[2] at (3, 1)
[-1] at (3, 2)
[2] at (3, 3)
[-1] at (3, 4)
[2] at (3, 5)
[-1] at (3, 6)
[-2] at (3, 7)
beginning to reduce... 

reduced_list[1]
[5.66667] at (0, 2)
[3] at (0, 3)
[8.33333] at (0, 4)
[6.66667] at (0, 6)
[8.66667] at (0, 8)
[2.66667] at (0, 9)
[12.6667] at (0, 10)
[8] at (0, 12)
[2.33333] at (0, 13)
[-9.33333] at (0, 14)
[3] at (0, 15)
[-9.33333] at (0, 17)
[23.6667] at (0, 20)
[1] at (0, 23)
[34.3333] at (0, 25)
[14.6667] at (0, 27)
[2.5] at (1, 2)
[3] at (1, 3)
[2.5] at (1, 4)
[3.5] at (1, 6)
[-1] at (1, 8)
[-1.5] at (1, 9)
[-4] at (1, 10)
[-5] at (1, 12)
[3.5] at (1, 13)
[4] at (1, 14)
[1.5] at (1, 15)
[2.5] at (1, 17)
[1.5] at (1, 20)
[1] at (1, 23)
[-6.5] at (1, 25)
[-7.5] at (1, 27)
[3] at (2, 2)
[2] at (2, 3)
[4] at (2, 4)
[3] at (2, 6)
[6] at (2, 8)
[4] at (2, 9)
[8] at (2, 10)
[6] at (2, 12)
[1] at (2, 13)
[-4] at (2, 14)
[0] at (2, 15)
[-7] at (2, 17)
[5] at (2, 20)
[-6] at (2, 23)
[4] at (2, 25)
[-11] at (2, 27)

reduced_list[2]
[3.88732] at (0, 64)
[3.16901] at (0, 67)
[3.38028] at (0, 88)
[3] at (0, 91)
[4.78873] at (0, 111)
[3.73239] at (0, 114)
[5.01408] at (0, 154)
[4.16901] at (0, 157)
[2.14085] at (0, 193)
[1.04225] at (0, 196)
[-0.28169] at (0, 211)
[-0.619718] at (0, 214)
[1.12676] at (0, 228)
[-0.478873] at (0, 231)
[-1.23944] at (0, 259)
[-2.25352] at (0, 262)
[3.5493] at (0, 273)
[3.25352] at (0, 276)
[2.19718] at (0, 287)
[1.8169] at (0, 301)
[9.1831] at (0, 292)
[6.1831] at (0, 325)
[1.12676] at (0, 295)
[1] at (0, 328)
[6.47887] at (0, 297)
[2.12676] at (0, 330)
[-0.957746] at (0, 299)
[-2.8169] at (0, 332)
[4] at (1, 64)
[-8.75] at (1, 67)
[5] at (1, 88)
[-1.75] at (1, 91)
[3] at (1, 111)
[-15.75] at (1, 114)
[1] at (1, 154)
[-14] at (1, 157)
[16] at (1, 193)
[-3.5] at (1, 196)
[20] at (1, 211)
[14] at (1, 214)
[18] at (1, 228)
[-10.5] at (1, 231)
[18] at (1, 259)
[0] at (1, 262)
[0] at (1, 273)
[-5.25] at (1, 276)
[-9] at (1, 287)
[-15.75] at (1, 301)
[-36] at (1, 292)
[-89.25] at (1, 325)
[-45] at (1, 295)
[-47.25] at (1, 328)
[-75] at (1, 297)
[-152.25] at (1, 330)
[-121] at (1, 299)
[-154] at (1, 332)
Step [1/3] complete.
Step [2/3] complete.
beginning to simplify... 
Positive count: 21
Negative count: 7

simplified_list[1]
[4.3534] at (0, 64)
[2.63371] at (0, 67)
[4.3534] at (0, 88)
[2.63371] at (0, 91)
[4.3534] at (0, 111)
[2.63371] at (0, 114)
[4.3534] at (0, 154)
[2.63371] at (0, 157)
[4.3534] at (0, 193)
[2.63371] at (0, 196)
[61.9688] at (0, 211)
[60.3458] at (0, 214)
[4.3534] at (0, 228)
[8.36808] at (0, 231)
[60.3458] at (0, 259)
[23.4779] at (0, 262)
[2.37312] at (0, 273)
[2.63371] at (0, 276)
[2.63371] at (0, 287)
[2.63371] at (0, 301)
[2.63371] at (0, 292)
[2.63371] at (0, 325)
[1.21496] at (0, 295)
[1.21496] at (0, 328)
[2.63371] at (0, 297)
[1] at (0, 330)
[8.36808] at (0, 299)
[8.36808] at (0, 332)
Positive count: 14
Negative count: 2

simplified_list[2]
[2.87545] at (0, 2)
[2.87545] at (0, 3)
[2.87545] at (0, 4)
[2.87545] at (0, 6)
[2.87545] at (0, 8)
[50.3368] at (0, 9)
[5.23534] at (0, 10)
[34.4965] at (0, 12)
[2.06049] at (0, 13)
[50.0042] at (0, 14)
[2.16773] at (0, 15)
[34.1525] at (0, 17)
[2.16773] at (0, 20)
[1] at (0, 23)
[1.4954] at (0, 25)
[6.88752] at (0, 27)
Positive count: 4
Negative count: 4

simplified_list[3]
[2.20584] at (0, 0)
[19.0305] at (0, 1)
[18.1606] at (0, 2)
[1] at (0, 3)
[8.69063] at (0, 4)
[1.01118] at (0, 5)
[2.59301] at (0, 6)
[7.42243] at (0, 7)
Step [3/3] complete.

Final solution!
[0.297185] at (0, 0)
[2.56391] at (0, 1)
[2.44672] at (0, 2)
[0.134727] at (0, 3)
[1.17086] at (0, 4)
[0.136233] at (0, 5)
[0.349348] at (0, 6)
[1] at (0, 7)
Success.


MATRIX #2
Step [0/3] complete.

initial sparse
[3] at (0, 0)
[4] at (0, 1)
[-2] at (0, 2)
[5] at (0, 3)
[-6] at (0, 4)
[7] at (0, 5)
[9] at (0, 6)
[-4] at (0, 7)
[1] at (1, 0)
[-1] at (1, 1)
[1] at (1, 2)
[1] at (1, 3)
[1] at (1, 4)
[-1] at (1, 5)
[-1] at (1, 6)
[-1] at (1, 7)
[1] at (2, 0)
[2] at (2, 1)
[-1] at (2, 2)
[2] at (2, 3)
[-1] at (2, 4)
[2] at (2, 5)
[-1] at (2, 6)
[-2] at (2, 7)
[1] at (3, 0)
[2] at (3, 1)
[3] at (3, 2)
[-4] at (3, 3)
[-5] at (3, 4)
[-6] at (3, 5)
[7] at (3, 6)
[-8] at (3, 7)
beginning to reduce... 

reduced_list[1]
[2.5] at (0, 1)
[4.5] at (0, 3)
[0.5] at (0, 6)
[1] at (0, 7)
[-1] at (0, 9)
[-4] at (0, 12)
[3.5] at (0, 13)
[5.5] at (0, 18)
[-0.5] at (0, 21)
[2.5] at (0, 15)
[0.5] at (0, 22)
[-5.5] at (0, 26)
[3.5] at (0, 16)
[1.5] at (0, 23)
[-6.5] at (0, 27)
[1] at (1, 1)
[-3] at (1, 3)
[2] at (1, 6)
[-0] at (1, 7)
[-8] at (1, 9)
[-0] at (1, 12)
[1] at (1, 13)
[-7] at (1, 18)
[2] at (1, 21)
[3] at (1, 15)
[-5] at (1, 22)
[6] at (1, 26)
[11] at (1, 16)
[15] at (1, 23)
[22] at (1, 27)
[1.57143] at (2, 1)
[-1.28571] at (2, 3)
[-2.85714] at (2, 6)
[2.28571] at (2, 7)
[-1.14286] at (2, 9)
[-3.42857] at (2, 12)
[1] at (2, 13)
[-7] at (2, 18)
[-8] at (2, 21)
[1.28571] at (2, 15)
[-10.1429] at (2, 22)
[-11.4286] at (2, 26)
[5.85714] at (2, 16)
[-0.428571] at (2, 23)
[-6.28571] at (2, 27)

reduced_list[2]
[1] at (0, 34)
[-0.210526] at (0, 37)
[-0.289474] at (0, 46)
[-1.07895] at (0, 51)
[-3.23684] at (0, 52)
[2.05263] at (0, 83)
[0.631579] at (0, 86)
[-0.394737] at (0, 95)
[-0.552632] at (0, 100)
[-4.18421] at (0, 101)
[0.105263] at (0, 149)
[-0.421053] at (0, 152)
[-0.105263] at (0, 161)
[-0.736842] at (0, 166)
[-1.26316] at (0, 167)
[0.421053] at (0, 169)
[0] at (0, 172)
[-0.105263] at (0, 181)
[-0.315789] at (0, 186)
[-1.15789] at (0, 187)
[1.42105] at (0, 210)
[-0.210526] at (0, 258)
[-0.394737] at (0, 280)
[-1.39474] at (0, 285)
[-4.39474] at (0, 286)
[2.68421] at (0, 215)
[1.47368] at (0, 263)
[-0.394737] at (0, 335)
[0.289474] at (0, 340)
[-3.97368] at (0, 341)
[0.894737] at (0, 212)
[-0.631579] at (0, 260)
[-0.342105] at (0, 305)
[-1.65789] at (0, 310)
[-3.92105] at (0, 311)
[0.473684] at (0, 219)
[1.05263] at (0, 267)
[0.0789474] at (0, 357)
[1.28947] at (0, 366)
[1.13158] at (0, 367)
[0.894737] at (0, 213)
[-2.31579] at (0, 261)
[-0.657895] at (0, 316)
[-4.28947] at (0, 321)
[-7.81579] at (0, 322)
[-0.157895] at (0, 220)
[-3.15789] at (0, 268)
[-0.552632] at (0, 358)
[-4.81579] at (0, 370)
[-6.86842] at (0, 371)
[1] at (1, 34)
[1.77778] at (1, 37)
[14.9444] at (1, 46)
[15.5] at (1, 51)
[4.27778] at (1, 52)
[5] at (1, 83)
[16] at (1, 86)
[28.5] at (1, 95)
[45.5] at (1, 100)
[28.5] at (1, 101)
[2.66667] at (1, 149)
[10.2222] at (1, 152)
[4.22222] at (1, 161)
[16.6667] at (1, 166)
[16.8889] at (1, 167)
[-0.888889] at (1, 169)
[-4.44444] at (1, 172)
[5.33333] at (1, 181)
[-0.888889] at (1, 186)
[-6.66667] at (1, 187)
[2.33333] at (1, 210)
[6.22222] at (1, 258)
[21.3889] at (1, 280)
[26.8333] at (1, 285)
[12.0556] at (1, 286)
[10.3333] at (1, 215)
[36.4444] at (1, 263)
[36.9444] at (1, 335)
[78.8333] at (1, 340)
[62.2778] at (1, 341)
[1.22222] at (1, 212)
[2.66667] at (1, 260)
[15.0556] at (1, 305)
[16.7222] at (1, 310)
[5.72222] at (1, 311)
[8.33333] at (1, 219)
[32.8889] at (1, 267)
[7.05556] at (1, 357)
[47.8333] at (1, 366)
[53.7222] at (1, 367)
[-1.44444] at (1, 213)
[-8.88889] at (1, 261)
[19.5] at (1, 316)
[6.05556] at (1, 321)
[-12.5] at (1, 322)
[1.66667] at (1, 220)
[5.33333] at (1, 268)
[9.5] at (1, 358)
[15.1667] at (1, 370)
[9.5] at (1, 371)
Step [1/3] complete.
Step [2/3] complete.
beginning to simplify... 
Positive count: 17
Negative count: 33

simplified_list[1]
[48.5093] at (0, 34)
[1] at (0, 37)
[1] at (0, 46)
[1] at (0, 51)
[6.05766] at (0, 52)
[18.4667] at (0, 83)
[3.90066] at (0, 86)
[1] at (0, 95)
[1] at (0, 100)
[1] at (0, 101)
[3.90066] at (0, 149)
[1] at (0, 152)
[1] at (0, 161)
[1] at (0, 166)
[1] at (0, 167)
[131.05] at (0, 169)
[242.218] at (0, 172)
[1] at (0, 181)
[26.6929] at (0, 186)
[37.0106] at (0, 187)
[18.4667] at (0, 210)
[1] at (0, 258)
[1] at (0, 280)
[1] at (0, 285)
[1] at (0, 286)
[8.35141] at (0, 215)
[3.90066] at (0, 263)
[1] at (0, 335)
[3.90066] at (0, 340)
[1] at (0, 341)
[48.5093] at (0, 212)
[1] at (0, 260)
[1] at (0, 305)
[1] at (0, 310)
[6.05766] at (0, 311)
[3.90066] at (0, 219)
[3.90066] at (0, 267)
[3.90066] at (0, 357)
[3.90066] at (0, 366)
[3.90066] at (0, 367)
[118.912] at (0, 213)
[26.6929] at (0, 261)
[1] at (0, 316)
[6.05766] at (0, 321)
[13.3407] at (0, 322)
[1] at (0, 220)
[2.61845] at (0, 268)
[1] at (0, 358)
[1] at (0, 370)
[6.05766] at (0, 371)
Positive count: 10
Negative count: 5

simplified_list[2]
[4.79808] at (0, 1)
[2.28274] at (0, 3)
[1] at (0, 6)
[72.9291] at (0, 7)
[48.4717] at (0, 9)
[19.0939] at (0, 12)
[1.714] at (0, 13)
[2.56892] at (0, 18)
[1.32105] at (0, 21)
[4.79808] at (0, 15)
[3.34605] at (0, 22)
[4.23019] at (0, 26)
[16.9708] at (0, 16)
[2.78661] at (0, 23)
[6.81488] at (0, 27)
Positive count: 5
Negative count: 3

simplified_list[3]
[1.13126] at (0, 0)
[21.2663] at (0, 1)
[20.7664] at (0, 2)
[1] at (0, 3)
[10.8632] at (0, 4)
[1.93127] at (0, 5)
[3.22978] at (0, 6)
[7.3335] at (0, 7)
Step [3/3] complete.

Final solution!
[0.15426] at (0, 0)
[2.89988] at (0, 1)
[2.83172] at (0, 2)
[0.136361] at (0, 3)
[1.48131] at (0, 4)
[0.263349] at (0, 5)
[0.440414] at (0, 6)
[1] at (0, 7)
Success.


MATRIX #3
Step [0/3] complete.

initial sparse
[1] at (0, 0)
[-1] at (0, 1)
[1] at (0, 2)
[1] at (0, 3)
[1] at (0, 4)
[-1] at (0, 5)
[-1] at (0, 6)
[-1] at (0, 7)
[1] at (1, 0)
[2] at (1, 1)
[-1] at (1, 2)
[2] at (1, 3)
[-1] at (1, 4)
[2] at (1, 5)
[-1] at (1, 6)
[-2] at (1, 7)
[1] at (2, 0)
[2] at (2, 1)
[3] at (2, 2)
[-4] at (2, 3)
[-5] at (2, 4)
[-6] at (2, 5)
[7] at (2, 6)
[-8] at (2, 7)
[3] at (3, 0)
[4] at (3, 1)
[-2] at (3, 2)
[5] at (3, 3)
[-6] at (3, 4)
[7] at (3, 5)
[9] at (3, 6)
[-4] at (3, 7)
beginning to reduce... 

reduced_list[1]
[1] at (0, 0)
[1] at (0, 4)
[0] at (0, 5)
[-0.333333] at (0, 6)
[0.333333] at (0, 7)
[0.333333] at (0, 15)
[-0.666667] at (0, 16)
[-1] at (0, 17)
[1.33333] at (0, 8)
[1.33333] at (0, 19)
[0.333333] at (0, 20)
[0] at (0, 21)
[0.333333] at (0, 9)
[0.333333] at (0, 22)
[-0.666667] at (0, 23)
[-1] at (0, 24)
[1.5] at (1, 0)
[-2.5] at (1, 4)
[4] at (1, 5)
[-3.5] at (1, 6)
[2.5] at (1, 7)
[-1.5] at (1, 15)
[5] at (1, 16)
[-2.5] at (1, 17)
[-1] at (1, 8)
[-5] at (1, 19)
[1.5] at (1, 20)
[-6] at (1, 21)
[-1.5] at (1, 9)
[-5.5] at (1, 22)
[1] at (1, 23)
[-6.5] at (1, 24)
[3.5] at (2, 0)
[5] at (2, 4)
[6] at (2, 5)
[-0.5] at (2, 6)
[1] at (2, 7)
[2.5] at (2, 15)
[3.5] at (2, 16)
[-3] at (2, 17)
[4.5] at (2, 8)
[6] at (2, 19)
[7] at (2, 20)
[0.5] at (2, 21)
[-1] at (2, 9)
[0.5] at (2, 22)
[1.5] at (2, 23)
[-5] at (2, 24)

reduced_list[2]
[1] at (0, 5)
[-2] at (0, 15)
[0.333333] at (0, 16)
[-0.666667] at (0, 22)
[1.66667] at (0, 23)
[1.44444] at (0, 103)
[-1.11111] at (0, 113)
[1.66667] at (0, 114)
[0.222222] at (0, 120)
[3] at (0, 121)
[-0.444444] at (0, 125)
[-0.888889] at (0, 135)
[-1.33333] at (0, 136)
[-0.888889] at (0, 142)
[-1.33333] at (0, 143)
[0.111111] at (0, 147)
[-1.11111] at (0, 176)
[-0.555556] at (0, 177)
[-0.666667] at (0, 183)
[-0.111111] at (0, 184)
[0.555556] at (0, 155)
[-0.222222] at (0, 300)
[0.777778] at (0, 301)
[0.222222] at (0, 307)
[1.22222] at (0, 308)
[1.66667] at (0, 148)
[-2] at (0, 195)
[1.44444] at (0, 196)
[-0.222222] at (0, 202)
[3.22222] at (0, 203)
[2.11111] at (0, 159)
[-1.11111] at (0, 314)
[2.77778] at (0, 324)
[0.666667] at (0, 345)
[4.55556] at (0, 346)
[0.222222] at (0, 160)
[-0.888889] at (0, 315)
[-0.222222] at (0, 325)
[-0.444444] at (0, 352)
[0.222222] at (0, 353)
[0.666667] at (0, 161)
[1.33333] at (0, 316)
[2] at (0, 326)
[1.33333] at (0, 358)
[2] at (0, 359)
[0.555556] at (0, 149)
[-0.222222] at (0, 213)
[0.777778] at (0, 214)
[0.222222] at (0, 220)
[1.22222] at (0, 221)
[1] at (0, 162)
[0.666667] at (0, 317)
[2.11111] at (0, 327)
[1.11111] at (0, 363)
[2.55556] at (0, 364)
[1] at (1, 5)
[8.75] at (1, 15)
[0.75] at (1, 16)
[5.75] at (1, 22)
[-2.25] at (1, 23)
[1.75] at (1, 103)
[10.25] at (1, 113)
[3] at (1, 114)
[7.25] at (1, 120)
[0] at (1, 121)
[3] at (1, 125)
[6] at (1, 135)
[9] at (1, 136)
[6] at (1, 142)
[9] at (1, 143)
[0.25] at (1, 147)
[2.75] at (1, 176)
[0] at (1, 177)
[1.75] at (1, 183)
[-1] at (1, 184)
[1] at (1, 155)
[4.25] at (1, 300)
[2.25] at (1, 301)
[3.25] at (1, 307)
[1.25] at (1, 308)
[1.25] at (1, 148)
[11.5] at (1, 195)
[0.75] at (1, 196)
[7.5] at (1, 202)
[-3.25] at (1, 203)
[2] at (1, 159)
[13] at (1, 314)
[3] at (1, 324)
[9] at (1, 345)
[-1] at (1, 346)
[3.25] at (1, 160)
[8.75] at (1, 315)
[9] at (1, 325)
[7.75] at (1, 352)
[8] at (1, 353)
[0.25] at (1, 161)
[0.5] at (1, 316)
[0.75] at (1, 326)
[0.5] at (1, 358)
[0.75] at (1, 359)
[-0.75] at (1, 149)
[0.75] at (1, 213)
[-3] at (1, 214)
[-0.25] at (1, 220)
[-4] at (1, 221)
[0] at (1, 162)
[2.25] at (1, 317)
[-0.75] at (1, 327)
[1.25] at (1, 363)
[-1.75] at (1, 364)
Step [1/3] complete.
Step [2/3] complete.
beginning to simplify... 
Positive count: 35
Negative count: 20

simplified_list[1]
[1.75581] at (0, 5)
[2.83784] at (0, 15)
[1.75581] at (0, 16)
[2.83784] at (0, 22)
[5.53488] at (0, 23)
[1.75581] at (0, 103)
[2.83784] at (0, 113)
[1.75581] at (0, 114)
[1] at (0, 120)
[1.72203] at (0, 121)
[2.83784] at (0, 125)
[2.83784] at (0, 135)
[2.83784] at (0, 136)
[2.83784] at (0, 142)
[2.83784] at (0, 143)
[1.75581] at (0, 147)
[16.4425] at (0, 176)
[117.478] at (0, 177)
[16.4425] at (0, 183)
[309.698] at (0, 184)
[1.75581] at (0, 155)
[2.83784] at (0, 300)
[1.75581] at (0, 301)
[1] at (0, 307)
[1.75581] at (0, 308)
[1.75581] at (0, 148)
[2.83784] at (0, 195)
[1.75581] at (0, 196)
[2.83784] at (0, 202)
[5.53488] at (0, 203)
[1.75581] at (0, 159)
[2.83784] at (0, 314)
[1.75581] at (0, 324)
[1] at (0, 345)
[5.53488] at (0, 346)
[1] at (0, 160)
[2.83784] at (0, 315)
[2.83784] at (0, 325)
[2.83784] at (0, 352)
[1] at (0, 353)
[1.75581] at (0, 161)
[1.75581] at (0, 316)
[1.75581] at (0, 326)
[1.75581] at (0, 358)
[1.75581] at (0, 359)
[5.53488] at (0, 149)
[8.12853] at (0, 213)
[19.1395] at (0, 214)
[5.53488] at (0, 220)
[17.6279] at (0, 221)
[1.72203] at (0, 162)
[1.75581] at (0, 317)
[5.53488] at (0, 327)
[1.75581] at (0, 363)
[5.53488] at (0, 364)
Positive count: 11
Negative count: 5

simplified_list[2]
[1.81109] at (0, 0)
[1.02853] at (0, 4)
[1.61625] at (0, 5)
[1.88206] at (0, 6)
[69.8487] at (0, 7)
[1.03378] at (0, 15)
[3.71401] at (0, 16)
[8.87067] at (0, 17)
[1.81109] at (0, 8)
[1.62078] at (0, 19)
[1.23563] at (0, 20)
[1] at (0, 21)
[7.41246] at (0, 9)
[2.17224] at (0, 22)
[2.81848] at (0, 23)
[20.7967] at (0, 24)
Positive count: 4
Negative count: 4

simplified_list[3]
[1.1183] at (0, 0)
[14.2714] at (0, 1)
[14.7274] at (0, 2)
[1] at (0, 3)
[5.85795] at (0, 4)
[1.03314] at (0, 5)
[1.65582] at (0, 6)
[5.74318] at (0, 7)
Step [3/3] complete.

Final solution!
[0.194717] at (0, 0)
[2.48494] at (0, 1)
[2.56432] at (0, 2)
[0.17412] at (0, 3)
[1.01998] at (0, 4)
[0.17989] at (0, 5)
[0.288311] at (0, 6)
[1] at (0, 7)
Success.
